0 1 0
0 1.10526 0
0 1.21053 0
0 1.31579 0
0 1.42105 0
0 1.52632 0
0 1.63158 0
0 1.73684 0
0 1.84211 0
0 1.94737 0
0 2.05263 0
0 2.15789 0
0 2.26316 0
0 2.36842 0
0 2.47368 0
0 2.57895 0
0 2.68421 0
0 2.78947 0
0 2.89474 0
0 3 0
1.83673 1 0.00642323
1.83673 1.10526 0.00642323
1.83673 1.21053 0.00642323
1.83673 1.31579 0.00642323
1.83673 1.42105 0.00642323
1.83673 1.52632 0.00642323
1.83673 1.63158 0.00642323
1.83673 1.73684 0.00642323
1.83673 1.84211 0.00642323
1.83673 1.94737 0.00642323
1.83673 2.05263 0.00642323
1.83673 2.15789 0.00642323
1.83673 2.26316 0.00642323
1.83673 2.36842 0.00642323
1.83673 2.47368 0.00642323
1.83673 2.57895 0.00642323
1.83673 2.68421 0.00642323
1.83673 2.78947 0.00642323
1.83673 2.89474 0.00642323
1.83673 3 0.00642323
3.67347 1 0.0256974
3.67347 1.10526 0.0256974
3.67347 1.21053 0.0256974
3.67347 1.31579 0.0256974
3.67347 1.42105 0.0256974
3.67347 1.52632 0.0256974
3.67347 1.63158 0.0256974
3.67347 1.73684 0.0256974
3.67347 1.84211 0.0256974
3.67347 1.94737 0.0256974
3.67347 2.05263 0.0256974
3.67347 2.15789 0.0256974
3.67347 2.26316 0.0256974
3.67347 2.36842 0.0256974
3.67347 2.47368 0.0256974
3.67347 2.57895 0.0256974
3.67347 2.68421 0.0256974
3.67347 2.78947 0.0256974
3.67347 2.89474 0.0256974
3.67347 3 0.0256974
5.5102 1 0.0578363
5.5102 1.10526 0.0578363
5.5102 1.21053 0.0578363
5.5102 1.31579 0.0578363
5.5102 1.42105 0.0578363
5.5102 1.52632 0.0578363
5.5102 1.63158 0.0578363
5.5102 1.73684 0.0578363
5.5102 1.84211 0.0578363
5.5102 1.94737 0.0578363
5.5102 2.05263 0.0578363
5.5102 2.15789 0.0578363
5.5102 2.26316 0.0578363
5.5102 2.36842 0.0578363
5.5102 2.47368 0.0578363
5.5102 2.57895 0.0578363
5.5102 2.68421 0.0578363
5.5102 2.78947 0.0578363
5.5102 2.89474 0.0578363
5.5102 3 0.0578363
7.34694 1 0.102862
7.34694 1.10526 0.102862
7.34694 1.21053 0.102862
7.34694 1.31579 0.102862
7.34694 1.42105 0.102862
7.34694 1.52632 0.102862
7.34694 1.63158 0.102862
7.34694 1.73684 0.102862
7.34694 1.84211 0.102862
7.34694 1.94737 0.102862
7.34694 2.05263 0.102862
7.34694 2.15789 0.102862
7.34694 2.26316 0.102862
7.34694 2.36842 0.102862
7.34694 2.47368 0.102862
7.34694 2.57895 0.102862
7.34694 2.68421 0.102862
7.34694 2.78947 0.102862
7.34694 2.89474 0.102862
7.34694 3 0.102862
9.18367 1 0.160808
9.18367 1.10526 0.160808
9.18367 1.21053 0.160808
9.18367 1.31579 0.160808
9.18367 1.42105 0.160808
9.18367 1.52632 0.160808
9.18367 1.63158 0.160808
9.18367 1.73684 0.160808
9.18367 1.84211 0.160808
9.18367 1.94737 0.160808
9.18367 2.05263 0.160808
9.18367 2.15789 0.160808
9.18367 2.26316 0.160808
9.18367 2.36842 0.160808
9.18367 2.47368 0.160808
9.18367 2.57895 0.160808
9.18367 2.68421 0.160808
9.18367 2.78947 0.160808
9.18367 2.89474 0.160808
9.18367 3 0.160808
11.0204 1 0.231714
11.0204 1.10526 0.231714
11.0204 1.21053 0.231714
11.0204 1.31579 0.231714
11.0204 1.42105 0.231714
11.0204 1.52632 0.231714
11.0204 1.63158 0.231714
11.0204 1.73684 0.231714
11.0204 1.84211 0.231714
11.0204 1.94737 0.231714
11.0204 2.05263 0.231714
11.0204 2.15789 0.231714
11.0204 2.26316 0.231714
11.0204 2.36842 0.231714
11.0204 2.47368 0.231714
11.0204 2.57895 0.231714
11.0204 2.68421 0.231714
11.0204 2.78947 0.231714
11.0204 2.89474 0.231714
11.0204 3 0.231714
12.8571 1 0.31563
12.8571 1.10526 0.31563
12.8571 1.21053 0.31563
12.8571 1.31579 0.31563
12.8571 1.42105 0.31563
12.8571 1.52632 0.31563
12.8571 1.63158 0.31563
12.8571 1.73684 0.31563
12.8571 1.84211 0.31563
12.8571 1.94737 0.31563
12.8571 2.05263 0.31563
12.8571 2.15789 0.31563
12.8571 2.26316 0.31563
12.8571 2.36842 0.31563
12.8571 2.47368 0.31563
12.8571 2.57895 0.31563
12.8571 2.68421 0.31563
12.8571 2.78947 0.31563
12.8571 2.89474 0.31563
12.8571 3 0.31563
14.6939 1 0.412618
14.6939 1.10526 0.412618
14.6939 1.21053 0.412618
14.6939 1.31579 0.412618
14.6939 1.42105 0.412618
14.6939 1.52632 0.412618
14.6939 1.63158 0.412618
14.6939 1.73684 0.412618
14.6939 1.84211 0.412618
14.6939 1.94737 0.412618
14.6939 2.05263 0.412618
14.6939 2.15789 0.412618
14.6939 2.26316 0.412618
14.6939 2.36842 0.412618
14.6939 2.47368 0.412618
14.6939 2.57895 0.412618
14.6939 2.68421 0.412618
14.6939 2.78947 0.412618
14.6939 2.89474 0.412618
14.6939 3 0.412618
16.5306 1 0.522745
16.5306 1.10526 0.522745
16.5306 1.21053 0.522745
16.5306 1.31579 0.522745
16.5306 1.42105 0.522745
16.5306 1.52632 0.522745
16.5306 1.63158 0.522745
16.5306 1.73684 0.522745
16.5306 1.84211 0.522745
16.5306 1.94737 0.522745
16.5306 2.05263 0.522745
16.5306 2.15789 0.522745
16.5306 2.26316 0.522745
16.5306 2.36842 0.522745
16.5306 2.47368 0.522745
16.5306 2.57895 0.522745
16.5306 2.68421 0.522745
16.5306 2.78947 0.522745
16.5306 2.89474 0.522745
16.5306 3 0.522745
18.3673 1 0.646092
18.3673 1.10526 0.646092
18.3673 1.21053 0.646092
18.3673 1.31579 0.646092
18.3673 1.42105 0.646092
18.3673 1.52632 0.646092
18.3673 1.63158 0.646092
18.3673 1.73684 0.646092
18.3673 1.84211 0.646092
18.3673 1.94737 0.646092
18.3673 2.05263 0.646092
18.3673 2.15789 0.646092
18.3673 2.26316 0.646092
18.3673 2.36842 0.646092
18.3673 2.47368 0.646092
18.3673 2.57895 0.646092
18.3673 2.68421 0.646092
18.3673 2.78947 0.646092
18.3673 2.89474 0.646092
18.3673 3 0.646092
20.2041 1 0.782747
20.2041 1.10526 0.782747
20.2041 1.21053 0.782747
20.2041 1.31579 0.782747
20.2041 1.42105 0.782747
20.2041 1.52632 0.782747
20.2041 1.63158 0.782747
20.2041 1.73684 0.782747
20.2041 1.84211 0.782747
20.2041 1.94737 0.782747
20.2041 2.05263 0.782747
20.2041 2.15789 0.782747
20.2041 2.26316 0.782747
20.2041 2.36842 0.782747
20.2041 2.47368 0.782747
20.2041 2.57895 0.782747
20.2041 2.68421 0.782747
20.2041 2.78947 0.782747
20.2041 2.89474 0.782747
20.2041 3 0.782747
22.0408 1 0.932808
22.0408 1.10526 0.932808
22.0408 1.21053 0.932808
22.0408 1.31579 0.932808
22.0408 1.42105 0.932808
22.0408 1.52632 0.932808
22.0408 1.63158 0.932808
22.0408 1.73684 0.932808
22.0408 1.84211 0.932808
22.0408 1.94737 0.932808
22.0408 2.05263 0.932808
22.0408 2.15789 0.932808
22.0408 2.26316 0.932808
22.0408 2.36842 0.932808
22.0408 2.47368 0.932808
22.0408 2.57895 0.932808
22.0408 2.68421 0.932808
22.0408 2.78947 0.932808
22.0408 2.89474 0.932808
22.0408 3 0.932808
23.8776 1 1.09639
23.8776 1.10526 1.09639
23.8776 1.21053 1.09639
23.8776 1.31579 1.09639
23.8776 1.42105 1.09639
23.8776 1.52632 1.09639
23.8776 1.63158 1.09639
23.8776 1.73684 1.09639
23.8776 1.84211 1.09639
23.8776 1.94737 1.09639
23.8776 2.05263 1.09639
23.8776 2.15789 1.09639
23.8776 2.26316 1.09639
23.8776 2.36842 1.09639
23.8776 2.47368 1.09639
23.8776 2.57895 1.09639
23.8776 2.68421 1.09639
23.8776 2.78947 1.09639
23.8776 2.89474 1.09639
23.8776 3 1.09639
25.7143 1 1.2736
25.7143 1.10526 1.2736
25.7143 1.21053 1.2736
25.7143 1.31579 1.2736
25.7143 1.42105 1.2736
25.7143 1.52632 1.2736
25.7143 1.63158 1.2736
25.7143 1.73684 1.2736
25.7143 1.84211 1.2736
25.7143 1.94737 1.2736
25.7143 2.05263 1.2736
25.7143 2.15789 1.2736
25.7143 2.26316 1.2736
25.7143 2.36842 1.2736
25.7143 2.47368 1.2736
25.7143 2.57895 1.2736
25.7143 2.68421 1.2736
25.7143 2.78947 1.2736
25.7143 2.89474 1.2736
25.7143 3 1.2736
27.551 1 1.46458
27.551 1.10526 1.46458
27.551 1.21053 1.46458
27.551 1.31579 1.46458
27.551 1.42105 1.46458
27.551 1.52632 1.46458
27.551 1.63158 1.46458
27.551 1.73684 1.46458
27.551 1.84211 1.46458
27.551 1.94737 1.46458
27.551 2.05263 1.46458
27.551 2.15789 1.46458
27.551 2.26316 1.46458
27.551 2.36842 1.46458
27.551 2.47368 1.46458
27.551 2.57895 1.46458
27.551 2.68421 1.46458
27.551 2.78947 1.46458
27.551 2.89474 1.46458
27.551 3 1.46458
29.3878 1 1.66947
29.3878 1.10526 1.66947
29.3878 1.21053 1.66947
29.3878 1.31579 1.66947
29.3878 1.42105 1.66947
29.3878 1.52632 1.66947
29.3878 1.63158 1.66947
29.3878 1.73684 1.66947
29.3878 1.84211 1.66947
29.3878 1.94737 1.66947
29.3878 2.05263 1.66947
29.3878 2.15789 1.66947
29.3878 2.26316 1.66947
29.3878 2.36842 1.66947
29.3878 2.47368 1.66947
29.3878 2.57895 1.66947
29.3878 2.68421 1.66947
29.3878 2.78947 1.66947
29.3878 2.89474 1.66947
29.3878 3 1.66947
31.2245 1 1.88842
31.2245 1.10526 1.88842
31.2245 1.21053 1.88842
31.2245 1.31579 1.88842
31.2245 1.42105 1.88842
31.2245 1.52632 1.88842
31.2245 1.63158 1.88842
31.2245 1.73684 1.88842
31.2245 1.84211 1.88842
31.2245 1.94737 1.88842
31.2245 2.05263 1.88842
31.2245 2.15789 1.88842
31.2245 2.26316 1.88842
31.2245 2.36842 1.88842
31.2245 2.47368 1.88842
31.2245 2.57895 1.88842
31.2245 2.68421 1.88842
31.2245 2.78947 1.88842
31.2245 2.89474 1.88842
31.2245 3 1.88842
33.0612 1 2.12159
33.0612 1.10526 2.12159
33.0612 1.21053 2.12159
33.0612 1.31579 2.12159
33.0612 1.42105 2.12159
33.0612 1.52632 2.12159
33.0612 1.63158 2.12159
33.0612 1.73684 2.12159
33.0612 1.84211 2.12159
33.0612 1.94737 2.12159
33.0612 2.05263 2.12159
33.0612 2.15789 2.12159
33.0612 2.26316 2.12159
33.0612 2.36842 2.12159
33.0612 2.47368 2.12159
33.0612 2.57895 2.12159
33.0612 2.68421 2.12159
33.0612 2.78947 2.12159
33.0612 2.89474 2.12159
33.0612 3 2.12159
34.898 1 2.36916
34.898 1.10526 2.36916
34.898 1.21053 2.36916
34.898 1.31579 2.36916
34.898 1.42105 2.36916
34.898 1.52632 2.36916
34.898 1.63158 2.36916
34.898 1.73684 2.36916
34.898 1.84211 2.36916
34.898 1.94737 2.36916
34.898 2.05263 2.36916
34.898 2.15789 2.36916
34.898 2.26316 2.36916
34.898 2.36842 2.36916
34.898 2.47368 2.36916
34.898 2.57895 2.36916
34.898 2.68421 2.36916
34.898 2.78947 2.36916
34.898 2.89474 2.36916
34.898 3 2.36916
36.7347 1 2.63132
36.7347 1.10526 2.63132
36.7347 1.21053 2.63132
36.7347 1.31579 2.63132
36.7347 1.42105 2.63132
36.7347 1.52632 2.63132
36.7347 1.63158 2.63132
36.7347 1.73684 2.63132
36.7347 1.84211 2.63132
36.7347 1.94737 2.63132
36.7347 2.05263 2.63132
36.7347 2.15789 2.63132
36.7347 2.26316 2.63132
36.7347 2.36842 2.63132
36.7347 2.47368 2.63132
36.7347 2.57895 2.63132
36.7347 2.68421 2.63132
36.7347 2.78947 2.63132
36.7347 2.89474 2.63132
36.7347 3 2.63132
38.5714 1 2.90828
38.5714 1.10526 2.90828
38.5714 1.21053 2.90828
38.5714 1.31579 2.90828
38.5714 1.42105 2.90828
38.5714 1.52632 2.90828
38.5714 1.63158 2.90828
38.5714 1.73684 2.90828
38.5714 1.84211 2.90828
38.5714 1.94737 2.90828
38.5714 2.05263 2.90828
38.5714 2.15789 2.90828
38.5714 2.26316 2.90828
38.5714 2.36842 2.90828
38.5714 2.47368 2.90828
38.5714 2.57895 2.90828
38.5714 2.68421 2.90828
38.5714 2.78947 2.90828
38.5714 2.89474 2.90828
38.5714 3 2.90828
40.4082 1 3.20024
40.4082 1.10526 3.20024
40.4082 1.21053 3.20024
40.4082 1.31579 3.20024
40.4082 1.42105 3.20024
40.4082 1.52632 3.20024
40.4082 1.63158 3.20024
40.4082 1.73684 3.20024
40.4082 1.84211 3.20024
40.4082 1.94737 3.20024
40.4082 2.05263 3.20024
40.4082 2.15789 3.20024
40.4082 2.26316 3.20024
40.4082 2.36842 3.20024
40.4082 2.47368 3.20024
40.4082 2.57895 3.20024
40.4082 2.68421 3.20024
40.4082 2.78947 3.20024
40.4082 2.89474 3.20024
40.4082 3 3.20024
42.2449 1 3.50744
42.2449 1.10526 3.50744
42.2449 1.21053 3.50744
42.2449 1.31579 3.50744
42.2449 1.42105 3.50744
42.2449 1.52632 3.50744
42.2449 1.63158 3.50744
42.2449 1.73684 3.50744
42.2449 1.84211 3.50744
42.2449 1.94737 3.50744
42.2449 2.05263 3.50744
42.2449 2.15789 3.50744
42.2449 2.26316 3.50744
42.2449 2.36842 3.50744
42.2449 2.47368 3.50744
42.2449 2.57895 3.50744
42.2449 2.68421 3.50744
42.2449 2.78947 3.50744
42.2449 2.89474 3.50744
42.2449 3 3.50744
44.0816 1 3.83011
44.0816 1.10526 3.83011
44.0816 1.21053 3.83011
44.0816 1.31579 3.83011
44.0816 1.42105 3.83011
44.0816 1.52632 3.83011
44.0816 1.63158 3.83011
44.0816 1.73684 3.83011
44.0816 1.84211 3.83011
44.0816 1.94737 3.83011
44.0816 2.05263 3.83011
44.0816 2.15789 3.83011
44.0816 2.26316 3.83011
44.0816 2.36842 3.83011
44.0816 2.47368 3.83011
44.0816 2.57895 3.83011
44.0816 2.68421 3.83011
44.0816 2.78947 3.83011
44.0816 2.89474 3.83011
44.0816 3 3.83011
45.9184 1 4.16852
45.9184 1.10526 4.16852
45.9184 1.21053 4.16852
45.9184 1.31579 4.16852
45.9184 1.42105 4.16852
45.9184 1.52632 4.16852
45.9184 1.63158 4.16852
45.9184 1.73684 4.16852
45.9184 1.84211 4.16852
45.9184 1.94737 4.16852
45.9184 2.05263 4.16852
45.9184 2.15789 4.16852
45.9184 2.26316 4.16852
45.9184 2.36842 4.16852
45.9184 2.47368 4.16852
45.9184 2.57895 4.16852
45.9184 2.68421 4.16852
45.9184 2.78947 4.16852
45.9184 2.89474 4.16852
45.9184 3 4.16852
47.7551 1 4.52295
47.7551 1.10526 4.52295
47.7551 1.21053 4.52295
47.7551 1.31579 4.52295
47.7551 1.42105 4.52295
47.7551 1.52632 4.52295
47.7551 1.63158 4.52295
47.7551 1.73684 4.52295
47.7551 1.84211 4.52295
47.7551 1.94737 4.52295
47.7551 2.05263 4.52295
47.7551 2.15789 4.52295
47.7551 2.26316 4.52295
47.7551 2.36842 4.52295
47.7551 2.47368 4.52295
47.7551 2.57895 4.52295
47.7551 2.68421 4.52295
47.7551 2.78947 4.52295
47.7551 2.89474 4.52295
47.7551 3 4.52295
49.5918 1 4.89367
49.5918 1.10526 4.89367
49.5918 1.21053 4.89367
49.5918 1.31579 4.89367
49.5918 1.42105 4.89367
49.5918 1.52632 4.89367
49.5918 1.63158 4.89367
49.5918 1.73684 4.89367
49.5918 1.84211 4.89367
49.5918 1.94737 4.89367
49.5918 2.05263 4.89367
49.5918 2.15789 4.89367
49.5918 2.26316 4.89367
49.5918 2.36842 4.89367
49.5918 2.47368 4.89367
49.5918 2.57895 4.89367
49.5918 2.68421 4.89367
49.5918 2.78947 4.89367
49.5918 2.89474 4.89367
49.5918 3 4.89367
51.4286 1 5.281
51.4286 1.10526 5.281
51.4286 1.21053 5.281
51.4286 1.31579 5.281
51.4286 1.42105 5.281
51.4286 1.52632 5.281
51.4286 1.63158 5.281
51.4286 1.73684 5.281
51.4286 1.84211 5.281
51.4286 1.94737 5.281
51.4286 2.05263 5.281
51.4286 2.15789 5.281
51.4286 2.26316 5.281
51.4286 2.36842 5.281
51.4286 2.47368 5.281
51.4286 2.57895 5.281
51.4286 2.68421 5.281
51.4286 2.78947 5.281
51.4286 2.89474 5.281
51.4286 3 5.281
53.2653 1 5.68526
53.2653 1.10526 5.68526
53.2653 1.21053 5.68526
53.2653 1.31579 5.68526
53.2653 1.42105 5.68526
53.2653 1.52632 5.68526
53.2653 1.63158 5.68526
53.2653 1.73684 5.68526
53.2653 1.84211 5.68526
53.2653 1.94737 5.68526
53.2653 2.05263 5.68526
53.2653 2.15789 5.68526
53.2653 2.26316 5.68526
53.2653 2.36842 5.68526
53.2653 2.47368 5.68526
53.2653 2.57895 5.68526
53.2653 2.68421 5.68526
53.2653 2.78947 5.68526
53.2653 2.89474 5.68526
53.2653 3 5.68526
55.102 1 6.1068
55.102 1.10526 6.1068
55.102 1.21053 6.1068
55.102 1.31579 6.1068
55.102 1.42105 6.1068
55.102 1.52632 6.1068
55.102 1.63158 6.1068
55.102 1.73684 6.1068
55.102 1.84211 6.1068
55.102 1.94737 6.1068
55.102 2.05263 6.1068
55.102 2.15789 6.1068
55.102 2.26316 6.1068
55.102 2.36842 6.1068
55.102 2.47368 6.1068
55.102 2.57895 6.1068
55.102 2.68421 6.1068
55.102 2.78947 6.1068
55.102 2.89474 6.1068
55.102 3 6.1068
56.9388 1 6.54598
56.9388 1.10526 6.54598
56.9388 1.21053 6.54598
56.9388 1.31579 6.54598
56.9388 1.42105 6.54598
56.9388 1.52632 6.54598
56.9388 1.63158 6.54598
56.9388 1.73684 6.54598
56.9388 1.84211 6.54598
56.9388 1.94737 6.54598
56.9388 2.05263 6.54598
56.9388 2.15789 6.54598
56.9388 2.26316 6.54598
56.9388 2.36842 6.54598
56.9388 2.47368 6.54598
56.9388 2.57895 6.54598
56.9388 2.68421 6.54598
56.9388 2.78947 6.54598
56.9388 2.89474 6.54598
56.9388 3 6.54598
58.7755 1 7.00319
58.7755 1.10526 7.00319
58.7755 1.21053 7.00319
58.7755 1.31579 7.00319
58.7755 1.42105 7.00319
58.7755 1.52632 7.00319
58.7755 1.63158 7.00319
58.7755 1.73684 7.00319
58.7755 1.84211 7.00319
58.7755 1.94737 7.00319
58.7755 2.05263 7.00319
58.7755 2.15789 7.00319
58.7755 2.26316 7.00319
58.7755 2.36842 7.00319
58.7755 2.47368 7.00319
58.7755 2.57895 7.00319
58.7755 2.68421 7.00319
58.7755 2.78947 7.00319
58.7755 2.89474 7.00319
58.7755 3 7.00319
60.6122 1 7.47882
60.6122 1.10526 7.47882
60.6122 1.21053 7.47882
60.6122 1.31579 7.47882
60.6122 1.42105 7.47882
60.6122 1.52632 7.47882
60.6122 1.63158 7.47882
60.6122 1.73684 7.47882
60.6122 1.84211 7.47882
60.6122 1.94737 7.47882
60.6122 2.05263 7.47882
60.6122 2.15789 7.47882
60.6122 2.26316 7.47882
60.6122 2.36842 7.47882
60.6122 2.47368 7.47882
60.6122 2.57895 7.47882
60.6122 2.68421 7.47882
60.6122 2.78947 7.47882
60.6122 2.89474 7.47882
60.6122 3 7.47882
62.449 1 7.97331
62.449 1.10526 7.97331
62.449 1.21053 7.97331
62.449 1.31579 7.97331
62.449 1.42105 7.97331
62.449 1.52632 7.97331
62.449 1.63158 7.97331
62.449 1.73684 7.97331
62.449 1.84211 7.97331
62.449 1.94737 7.97331
62.449 2.05263 7.97331
62.449 2.15789 7.97331
62.449 2.26316 7.97331
62.449 2.36842 7.97331
62.449 2.47368 7.97331
62.449 2.57895 7.97331
62.449 2.68421 7.97331
62.449 2.78947 7.97331
62.449 2.89474 7.97331
62.449 3 7.97331
64.2857 1 8.48712
64.2857 1.10526 8.48712
64.2857 1.21053 8.48712
64.2857 1.31579 8.48712
64.2857 1.42105 8.48712
64.2857 1.52632 8.48712
64.2857 1.63158 8.48712
64.2857 1.73684 8.48712
64.2857 1.84211 8.48712
64.2857 1.94737 8.48712
64.2857 2.05263 8.48712
64.2857 2.15789 8.48712
64.2857 2.26316 8.48712
64.2857 2.36842 8.48712
64.2857 2.47368 8.48712
64.2857 2.57895 8.48712
64.2857 2.68421 8.48712
64.2857 2.78947 8.48712
64.2857 2.89474 8.48712
64.2857 3 8.48712
66.1224 1 9.02071
66.1224 1.10526 9.02071
66.1224 1.21053 9.02071
66.1224 1.31579 9.02071
66.1224 1.42105 9.02071
66.1224 1.52632 9.02071
66.1224 1.63158 9.02071
66.1224 1.73684 9.02071
66.1224 1.84211 9.02071
66.1224 1.94737 9.02071
66.1224 2.05263 9.02071
66.1224 2.15789 9.02071
66.1224 2.26316 9.02071
66.1224 2.36842 9.02071
66.1224 2.47368 9.02071
66.1224 2.57895 9.02071
66.1224 2.68421 9.02071
66.1224 2.78947 9.02071
66.1224 2.89474 9.02071
66.1224 3 9.02071
67.9592 1 9.5746
67.9592 1.10526 9.5746
67.9592 1.21053 9.5746
67.9592 1.31579 9.5746
67.9592 1.42105 9.5746
67.9592 1.52632 9.5746
67.9592 1.63158 9.5746
67.9592 1.73684 9.5746
67.9592 1.84211 9.5746
67.9592 1.94737 9.5746
67.9592 2.05263 9.5746
67.9592 2.15789 9.5746
67.9592 2.26316 9.5746
67.9592 2.36842 9.5746
67.9592 2.47368 9.5746
67.9592 2.57895 9.5746
67.9592 2.68421 9.5746
67.9592 2.78947 9.5746
67.9592 2.89474 9.5746
67.9592 3 9.5746
69.7959 1 10.1493
69.7959 1.10526 10.1493
69.7959 1.21053 10.1493
69.7959 1.31579 10.1493
69.7959 1.42105 10.1493
69.7959 1.52632 10.1493
69.7959 1.63158 10.1493
69.7959 1.73684 10.1493
69.7959 1.84211 10.1493
69.7959 1.94737 10.1493
69.7959 2.05263 10.1493
69.7959 2.15789 10.1493
69.7959 2.26316 10.1493
69.7959 2.36842 10.1493
69.7959 2.47368 10.1493
69.7959 2.57895 10.1493
69.7959 2.68421 10.1493
69.7959 2.78947 10.1493
69.7959 2.89474 10.1493
69.7959 3 10.1493
71.6327 1 10.7454
71.6327 1.10526 10.7454
71.6327 1.21053 10.7454
71.6327 1.31579 10.7454
71.6327 1.42105 10.7454
71.6327 1.52632 10.7454
71.6327 1.63158 10.7454
71.6327 1.73684 10.7454
71.6327 1.84211 10.7454
71.6327 1.94737 10.7454
71.6327 2.05263 10.7454
71.6327 2.15789 10.7454
71.6327 2.26316 10.7454
71.6327 2.36842 10.7454
71.6327 2.47368 10.7454
71.6327 2.57895 10.7454
71.6327 2.68421 10.7454
71.6327 2.78947 10.7454
71.6327 2.89474 10.7454
71.6327 3 10.7454
73.4694 1 11.3636
73.4694 1.10526 11.3636
73.4694 1.21053 11.3636
73.4694 1.31579 11.3636
73.4694 1.42105 11.3636
73.4694 1.52632 11.3636
73.4694 1.63158 11.3636
73.4694 1.73684 11.3636
73.4694 1.84211 11.3636
73.4694 1.94737 11.3636
73.4694 2.05263 11.3636
73.4694 2.15789 11.3636
73.4694 2.26316 11.3636
73.4694 2.36842 11.3636
73.4694 2.47368 11.3636
73.4694 2.57895 11.3636
73.4694 2.68421 11.3636
73.4694 2.78947 11.3636
73.4694 2.89474 11.3636
73.4694 3 11.3636
75.3061 1 12.0043
75.3061 1.10526 12.0043
75.3061 1.21053 12.0043
75.3061 1.31579 12.0043
75.3061 1.42105 12.0043
75.3061 1.52632 12.0043
75.3061 1.63158 12.0043
75.3061 1.73684 12.0043
75.3061 1.84211 12.0043
75.3061 1.94737 12.0043
75.3061 2.05263 12.0043
75.3061 2.15789 12.0043
75.3061 2.26316 12.0043
75.3061 2.36842 12.0043
75.3061 2.47368 12.0043
75.3061 2.57895 12.0043
75.3061 2.68421 12.0043
75.3061 2.78947 12.0043
75.3061 2.89474 12.0043
75.3061 3 12.0043
77.1429 1 12.6683
77.1429 1.10526 12.6683
77.1429 1.21053 12.6683
77.1429 1.31579 12.6683
77.1429 1.42105 12.6683
77.1429 1.52632 12.6683
77.1429 1.63158 12.6683
77.1429 1.73684 12.6683
77.1429 1.84211 12.6683
77.1429 1.94737 12.6683
77.1429 2.05263 12.6683
77.1429 2.15789 12.6683
77.1429 2.26316 12.6683
77.1429 2.36842 12.6683
77.1429 2.47368 12.6683
77.1429 2.57895 12.6683
77.1429 2.68421 12.6683
77.1429 2.78947 12.6683
77.1429 2.89474 12.6683
77.1429 3 12.6683
78.9796 1 13.3564
78.9796 1.10526 13.3564
78.9796 1.21053 13.3564
78.9796 1.31579 13.3564
78.9796 1.42105 13.3564
78.9796 1.52632 13.3564
78.9796 1.63158 13.3564
78.9796 1.73684 13.3564
78.9796 1.84211 13.3564
78.9796 1.94737 13.3564
78.9796 2.05263 13.3564
78.9796 2.15789 13.3564
78.9796 2.26316 13.3564
78.9796 2.36842 13.3564
78.9796 2.47368 13.3564
78.9796 2.57895 13.3564
78.9796 2.68421 13.3564
78.9796 2.78947 13.3564
78.9796 2.89474 13.3564
78.9796 3 13.3564
80.8163 1 14.0692
80.8163 1.10526 14.0692
80.8163 1.21053 14.0692
80.8163 1.31579 14.0692
80.8163 1.42105 14.0692
80.8163 1.52632 14.0692
80.8163 1.63158 14.0692
80.8163 1.73684 14.0692
80.8163 1.84211 14.0692
80.8163 1.94737 14.0692
80.8163 2.05263 14.0692
80.8163 2.15789 14.0692
80.8163 2.26316 14.0692
80.8163 2.36842 14.0692
80.8163 2.47368 14.0692
80.8163 2.57895 14.0692
80.8163 2.68421 14.0692
80.8163 2.78947 14.0692
80.8163 2.89474 14.0692
80.8163 3 14.0692
82.6531 1 14.8075
82.6531 1.10526 14.8075
82.6531 1.21053 14.8075
82.6531 1.31579 14.8075
82.6531 1.42105 14.8075
82.6531 1.52632 14.8075
82.6531 1.63158 14.8075
82.6531 1.73684 14.8075
82.6531 1.84211 14.8075
82.6531 1.94737 14.8075
82.6531 2.05263 14.8075
82.6531 2.15789 14.8075
82.6531 2.26316 14.8075
82.6531 2.36842 14.8075
82.6531 2.47368 14.8075
82.6531 2.57895 14.8075
82.6531 2.68421 14.8075
82.6531 2.78947 14.8075
82.6531 2.89474 14.8075
82.6531 3 14.8075
84.4898 1 15.5722
84.4898 1.10526 15.5722
84.4898 1.21053 15.5722
84.4898 1.31579 15.5722
84.4898 1.42105 15.5722
84.4898 1.52632 15.5722
84.4898 1.63158 15.5722
84.4898 1.73684 15.5722
84.4898 1.84211 15.5722
84.4898 1.94737 15.5722
84.4898 2.05263 15.5722
84.4898 2.15789 15.5722
84.4898 2.26316 15.5722
84.4898 2.36842 15.5722
84.4898 2.47368 15.5722
84.4898 2.57895 15.5722
84.4898 2.68421 15.5722
84.4898 2.78947 15.5722
84.4898 2.89474 15.5722
84.4898 3 15.5722
86.3265 1 16.3643
86.3265 1.10526 16.3643
86.3265 1.21053 16.3643
86.3265 1.31579 16.3643
86.3265 1.42105 16.3643
86.3265 1.52632 16.3643
86.3265 1.63158 16.3643
86.3265 1.73684 16.3643
86.3265 1.84211 16.3643
86.3265 1.94737 16.3643
86.3265 2.05263 16.3643
86.3265 2.15789 16.3643
86.3265 2.26316 16.3643
86.3265 2.36842 16.3643
86.3265 2.47368 16.3643
86.3265 2.57895 16.3643
86.3265 2.68421 16.3643
86.3265 2.78947 16.3643
86.3265 2.89474 16.3643
86.3265 3 16.3643
88.1633 1 17.1845
88.1633 1.10526 17.1845
88.1633 1.21053 17.1845
88.1633 1.31579 17.1845
88.1633 1.42105 17.1845
88.1633 1.52632 17.1845
88.1633 1.63158 17.1845
88.1633 1.73684 17.1845
88.1633 1.84211 17.1845
88.1633 1.94737 17.1845
88.1633 2.05263 17.1845
88.1633 2.15789 17.1845
88.1633 2.26316 17.1845
88.1633 2.36842 17.1845
88.1633 2.47368 17.1845
88.1633 2.57895 17.1845
88.1633 2.68421 17.1845
88.1633 2.78947 17.1845
88.1633 2.89474 17.1845
88.1633 3 17.1845
90 1 18.0341
90 1.10526 18.0341
90 1.21053 18.0341
90 1.31579 18.0341
90 1.42105 18.0341
90 1.52632 18.0341
90 1.63158 18.0341
90 1.73684 18.0341
90 1.84211 18.0341
90 1.94737 18.0341
90 2.05263 18.0341
90 2.15789 18.0341
90 2.26316 18.0341
90 2.36842 18.0341
90 2.47368 18.0341
90 2.57895 18.0341
90 2.68421 18.0341
90 2.78947 18.0341
90 2.89474 18.0341
90 3 18.0341
